529.000 615.000 6.108 2 1 7.975 618.730
524.000 592.000 8.382 3 0 7.822 537.012
525.000 569.000 6.535 4 0 7.668 552.884
523.000 531.000 8.544 5 0 7.515 521.376
521.000 490.000 7.159 6 0 7.361 490.811
516.000 440.000 7.106 7 0 7.208 418.524
517.000 417.000 6.979 8 0 7.054 432.510
512.000 373.000 6.801 9 0 6.901 364.939
510.000 356.000 7.071 10 0 6.747 339.561
508.000 327.000 7.142 11 0 6.594 315.126
506.000 301.000 6.519 12 0 6.440 291.634
504.000 275.000 6.265 13 0 6.287 269.086
502.000 267.000 6.403 14 0 6.133 247.480
500.000 241.000 6.801 16 0 5.980 226.817
498.000 212.000 6.596 17 0 5.826 207.098
496.000 192.000 7.106 18 0 5.673 188.322
494.000 175.000 6.535 19 0 5.519 170.489
495.000 167.000 6.671 20 0 5.366 179.287
493.000 159.000 5.045 21 0 5.212 161.926
491.000 136.000 4.744 22 0 5.059 145.507
489.000 116.000 5.228 23 0 4.905 130.032
487.000 111.000 2.577 24 0 4.752 115.500
488.000 106.000 5.831 25 0 4.598 122.648
486.000 98.000 5.590 26 0 4.445 108.587
487.000 96.000 3.041 27 0 4.291 115.500
485.000 91.000 2.916 28 0 4.138 101.910
480.000 71.000 1.900 29 0 3.984 72.064
481.000 70.000 1.667 30 0 3.831 77.561
479.000 61.000 4.031 31 0 3.677 66.802
480.000 58.000 1.803 32 0 3.524 72.064
478.000 58.000 2.693 33 0 3.370 61.775
476.000 52.000 3.606 34 0 3.217 52.430
474.000 49.000 1.118 35 0 3.063 44.028
475.000 46.000 3.606 36 0 2.910 48.111
476.000 40.000 4.472 37 0 2.756 52.430
474.000 40.000 2.236 38 0 2.603 44.028
472.000 37.000 0.500 39 0 2.449 36.569
470.000 37.000 0.500 40 0 2.296 30.053
468.000 34.000 2.500 41 0 2.142 24.480
466.000 34.000 2.000 42 0 1.989 19.851
467.000 34.000 1.581 43 0 1.835 22.048
465.000 31.000 0.500 44 0 1.682 17.890
