461.000 242.000 16.156 167.000 0 15.699 245.556
464.000 244.500 14.841 168.000 0 15.513 245.739
474.500 246.500 14.983 169.000 0 15.327 248.188
484.000 251.500 13.866 170.000 0 15.141 252.827
495.026 262.390 20.986 171.000 0 14.956 261.097
493.078 263.702 18.717 172.000 0 14.770 259.410
497.124 264.755 15.123 173.000 0 14.584 263.022
499.927 266.792 14.341 174.000 0 14.398 265.769
504.076 273.036 14.926 175.000 0 14.213 270.202
508.500 276.500 13.657 176.000 0 14.027 275.413
509.500 281.000 18.337 177.000 0 13.841 276.660
511.500 283.500 17.903 178.000 0 13.655 279.231
523.081 295.230 12.406 179.000 0 13.469 296.123
526.500 299.000 11.102 180.000 0 13.284 301.764
529.368 304.316 11.203 181.000 0 13.098 306.726
532.500 309.000 11.102 182.000 0 12.912 312.384
534.346 312.990 10.536 183.000 0 12.726 315.836
537.000 318.500 11.011 184.000 0 12.541 320.951
543.000 335.000 10.198 185.000 0 12.355 333.178
552.500 350.000 10.548 186.000 0 12.169 354.416
552.000 356.500 10.404 187.000 0 11.983 353.241
554.500 362.000 10.548 188.000 0 11.798 359.180
556.500 367.500 9.618 189.000 0 11.612 364.046
561.000 373.500 9.014 190.000 0 11.426 375.369
565.059 384.882 8.945 191.000 0 11.240 386.024
567.500 390.767 8.519 192.000 0 11.054 392.635
568.556 397.111 8.259 193.000 0 10.869 395.541
575.127 409.601 8.860 194.000 0 10.683 414.270
578.022 422.022 8.572 195.000 0 10.497 422.869
583.000 436.000 8.602 196.000 0 10.311 438.158
584.500 445.000 9.708 197.000 0 10.126 442.889
586.000 451.500 9.394 198.000 0 9.940 447.677
593.000 467.500 7.632 200.000 0 9.754 470.779
595.000 476.000 7.280 201.000 0 9.568 477.610
597.500 484.000 7.433 202.000 0 9.382 486.291
600.050 499.050 7.142 203.000 0 9.197 495.311
606.214 519.214 7.509 205.000 0 9.011 517.799
609.337 525.451 7.263 206.000 0 8.825 529.562
611.000 541.500 9.014 207.000 0 8.639 535.926
617.000 556.500 6.801 208.000 0 8.454 559.478
618.500 564.000 6.500 209.000 0 8.268 565.509
622.000 580.000 7.071 210.000 0 8.082 579.806
621.794 575.794 6.114 211.000 1 7.896 550.179
620.500 565.000 6.021 212.000 0 7.711 541.247
632.000 533.500 9.014 213.000 0 7.525 628.162
632.500 531.000 11.885 214.000 0 7.339 632.326
628.500 521.000 16.711 217.000 0 7.153 599.910
611.644 494.943 6.167 219.000 0 6.967 485.904
611.000 481.000 5.831 220.000 0 6.782 482.270
609.250 474.625 5.762 221.000 0 6.596 472.672
619.000 452.826 13.325 222.000 0 6.410 531.164
621.036 434.036 9.950 226.000 0 6.224 544.919
599.856 428.421 6.782 227.000 0 6.039 427.875
594.659 419.756 5.794 228.000 0 5.853 407.961
612.500 401.500 8.747 229.000 0 5.667 490.811
592.000 411.500 6.801 230.000 0 5.481 399.118
590.000 409.500 6.265 231.000 0 5.296 393.064
607.000 403.000 7.211 232.000 0 5.110 460.909
585.125 399.188 6.189 233.000 0 4.924 380.463
581.889 396.889 6.559 234.000 0 4.738 373.784
593.500 370.500 9.301 235.000 0 4.552 403.995
593.500 370.700 11.677 236.000 0 4.367 403.995
590.211 364.632 6.483 237.000 0 4.181 393.677
588.500 365.409 5.613 238.000 0 3.995 388.861
568.000 379.250 5.618 239.000 0 3.809 360.408
588.500 366.000 7.018 240.000 0 3.624 388.861
588.500 366.500 7.517 241.000 0 3.438 388.861
587.500 368.000 7.018 242.000 0 3.252 386.220
561.000 375.500 4.272 243.000 0 3.066 363.064
555.804 375.065 4.329 245.000 0 2.881 369.108
