421.000 500.196 14.062 241.000 0 12.367 504.022
432.392 514.370 12.189 242.000 0 12.145 514.007
437.500 521.500 12.104 243.000 0 11.923 519.107
442.500 525.500 12.349 244.000 0 11.701 524.473
447.411 531.321 12.548 245.000 0 11.479 530.102
460.587 548.674 10.318 246.000 0 11.257 546.966
474.384 566.589 10.702 247.000 0 11.035 567.374
478.500 572.500 10.701 248.000 0 10.813 574.008
480.500 578.500 10.124 249.000 0 10.591 577.321
484.000 585.500 9.862 250.000 0 10.369 583.262
486.500 590.500 8.747 251.000 0 10.147 587.616
495.500 601.500 8.747 252.000 0 9.925 604.055
501.672 612.362 8.779 253.000 0 9.703 616.022
505.500 618.562 9.250 254.000 0 9.481 623.725
509.500 630.500 9.192 255.000 0 9.260 632.006
514.500 643.000 9.179 256.000 0 9.038 642.691
517.500 647.500 7.906 257.000 0 8.816 649.279
523.000 662.000 8.544 258.000 0 8.594 661.702
525.214 646.214 7.509 259.000 1 8.372 646.545
528.929 615.071 7.232 260.000 0 8.150 610.128
530.500 602.056 6.768 261.000 0 7.928 595.046
533.000 575.000 7.071 262.000 0 7.706 571.451
533.429 561.912 7.058 263.000 0 7.484 567.447
536.500 538.300 5.860 264.000 0 7.262 539.240
538.000 525.500 6.265 265.000 0 7.040 525.729
540.500 505.500 6.519 266.000 0 6.818 503.602
542.289 486.289 6.810 267.000 0 6.596 488.065
544.423 474.462 6.446 268.000 0 6.374 469.867
545.500 467.000 6.946 269.000 0 6.152 460.818
546.554 456.102 6.615 270.000 0 5.930 452.051
548.333 432.000 5.271 271.000 0 5.708 437.443
549.000 424.000 5.831 272.000 0 5.486 432.034
551.000 411.000 6.708 273.000 0 5.264 416.017
552.000 404.000 6.403 274.000 0 5.042 408.126
554.289 398.289 6.810 275.000 0 4.820 390.354
554.000 392.000 6.708 276.000 0 4.598 392.579
556.500 368.500 5.523 277.000 0 4.376 373.585
557.278 364.611 5.658 278.000 0 4.154 367.776
560.136 354.864 6.241 279.000 0 3.932 346.833
