450.251 196.108 16.350 203 0 15.600 242.765
459.000 196.500 15.692 204 0 15.390 223.029
464.155 197.948 14.301 205 0 15.180 213.308
469.062 199.515 14.554 206 0 14.969 205.369
475.000 200.500 15.240 207 0 14.759 197.477
481.000 200.500 14.841 208 0 14.548 191.410
485.500 203.500 15.182 209 0 14.338 188.117
495.500 206.500 14.089 210 0 14.128 184.661
502.910 212.320 13.664 211 0 13.917 185.535
511.500 211.500 17.734 212 0 13.707 190.208
513.000 218.000 13.602 213 0 13.496 191.427
516.000 219.500 13.463 214 0 13.286 194.224
519.890 225.280 13.218 215 0 13.076 198.564
526.870 233.059 12.084 216 0 12.865 208.373
533.500 241.500 12.104 217 0 12.655 220.092
542.000 255.000 11.662 218 0 12.444 238.541
546.120 258.480 12.570 219 0 12.234 248.868
547.000 264.000 12.530 220 0 12.024 251.191
550.500 268.611 10.613 221 0 11.813 260.837
554.500 279.500 10.701 222 0 11.603 272.661
561.500 298.000 9.341 223 0 11.392 295.402
568.000 306.294 9.766 224 0 11.182 318.855
570.500 312.375 10.020 225 0 10.971 328.475
572.000 319.000 9.487 226 0 10.761 334.406
574.000 325.417 9.470 227 0 10.551 342.501
576.500 331.500 9.618 228 0 10.340 352.920
578.470 338.045 9.688 229 0 10.130 361.362
582.291 350.081 9.659 230 0 9.919 378.330
585.915 363.329 9.203 231 0 9.709 395.140
588.204 377.979 7.982 232 0 9.499 406.121
591.500 391.500 7.906 233 0 9.288 422.418
592.545 398.545 7.843 234 0 9.078 427.709
593.000 406.500 9.014 235 0 8.867 430.027
598.500 427.029 9.153 236 0 8.657 458.951
600.000 442.500 8.140 237 0 8.447 467.119
601.049 449.430 7.503 238 0 8.236 472.904
602.500 456.000 8.201 239 0 8.026 480.999
604.500 464.000 8.382 240 0 7.815 492.342
606.182 480.409 6.837 241 0 7.605 502.046
606.860 487.544 6.803 242 0 7.395 505.999
609.500 503.062 8.078 243 0 7.184 521.632
610.786 520.000 7.224 244 0 6.974 529.379
611.500 526.500 6.671 245 0 6.763 533.721
613.735 549.735 6.031 246 0 6.553 547.484
614.250 557.625 5.762 247 0 6.343 550.691
617.500 583.000 6.103 248 0 6.132 571.265
618.293 578.121 5.169 249 1 5.922 577.968
620.500 568.000 5.590 250 0 5.711 568.875
625.500 547.000 4.031 251 0 5.501 548.773
627.000 537.500 4.610 252 0 5.290 542.876
632.000 525.500 6.265 253 0 5.080 523.670
636.761 507.587 5.858 254 0 4.870 506.022
638.685 499.870 6.108 255 0 4.659 499.066
641.167 489.500 4.116 256 0 4.449 490.247
644.034 481.759 5.175 257 0 4.238 480.267
645.625 473.750 5.427 258 0 4.028 474.829
651.500 457.500 3.808 259 0 3.818 455.349
655.500 442.500 6.519 260 0 3.607 442.630
659.000 429.000 6.083 261 0 3.397 431.863
662.188 423.875 7.215 262 0 3.186 422.351
666.500 409.917 6.104 264 0 2.976 409.928
668.500 404.000 6.500 265 0 2.766 404.340
