421.000 500.636 13.092 241.000 0 11.067 504.245
431.726 514.726 11.017 242.000 0 10.858 513.906
437.274 521.274 11.017 243.000 0 10.649 519.540
442.045 525.955 11.678 244.000 0 10.441 524.733
447.000 531.500 11.885 245.000 0 10.232 530.465
460.000 548.500 9.394 246.000 0 10.023 547.152
474.000 566.500 10.259 247.000 0 9.814 567.788
477.000 573.000 10.000 248.000 0 9.605 572.570
480.085 578.671 9.203 249.000 0 9.396 577.620
484.000 585.500 9.394 250.000 0 9.187 584.221
486.500 590.000 7.826 251.000 0 8.978 588.550
495.500 601.000 7.632 252.000 0 8.770 604.864
500.738 613.738 7.442 253.000 0 8.561 614.885
504.500 619.100 8.238 254.000 0 8.352 622.320
509.500 630.500 8.277 255.000 0 8.143 632.512
514.500 642.500 8.277 256.000 0 7.934 643.057
516.500 647.500 6.964 257.000 0 7.725 647.373
523.000 662.000 8.246 258.000 0 7.516 661.792
525.000 646.000 6.403 259.000 1 7.308 646.366
528.500 615.500 6.519 260.000 0 7.099 610.880
530.527 602.284 5.857 261.000 0 6.890 590.913
532.500 575.000 6.103 262.000 0 6.681 571.889
533.000 562.000 6.403 263.000 0 6.472 567.133
536.394 538.032 5.221 264.000 0 6.263 535.537
537.500 525.500 5.148 265.000 0 6.054 525.496
538.500 503.500 3.536 266.000 0 5.845 516.530
542.500 486.500 6.042 267.000 0 5.637 481.709
544.741 476.948 3.424 268.000 0 5.428 462.926
544.315 467.130 6.108 269.000 0 5.219 466.460
546.636 455.818 6.044 270.000 0 5.010 447.454
547.000 432.000 3.606 271.000 0 4.801 444.528
549.000 426.000 3.606 272.000 0 4.592 428.681
550.000 410.500 4.925 273.000 0 4.383 420.914
551.500 403.500 4.301 274.000 0 4.174 409.459
555.000 398.000 5.831 275.000 0 3.966 383.642
554.500 392.000 5.590 276.000 0 3.757 387.252
556.000 369.500 2.693 277.000 0 3.548 376.501
556.500 364.500 4.301 278.000 0 3.339 372.969
559.914 355.362 5.344 279.000 0 3.130 349.552
