400.000 502.000 12.748 2 0 10.886 507.767 661.5 412.5
410.000 509.000 11.678 3 0 10.750 509.298 659.0 411.0
420.000 510.000 10.427 4 0 10.613 512.070 660.0 408.5
427.000 514.000 11.337 5 0 10.477 514.749 659.5 409.5
431.000 524.000 10.000 6 0 10.341 516.553 661.0 412.5
441.000 522.000 11.402 7 0 10.205 521.931 661.0 414.5
454.000 535.000 9.708 8 0 10.068 530.778 661.0 410.0
458.000 536.000 9.014 9 0 9.932 533.922 660.0 409.5
471.000 549.000 9.361 10 0 9.796 545.511 660.0 408.5
469.000 550.000 8.322 11 0 9.660 543.591 660.0 409.0
482.000 554.000 10.338 12 0 9.523 556.955 660.0 409.0
489.000 567.000 8.579 13 0 9.387 565.019 661.0 405.5
493.000 568.000 8.322 14 0 9.251 569.900 661.0 404.5
497.000 575.000 7.106 15 0 9.115 574.980 659.5 404.0
501.000 579.000 7.632 16 0 8.979 580.258 657.5 404.5
505.000 580.000 8.342 17 0 8.842 585.735 660.0 401.5
509.000 590.000 6.519 18 0 8.706 591.410 658.5 404.5
516.000 594.000 7.509 19 0 8.570 601.820 658.5 405.0
523.000 610.000 6.801 20 0 8.434 612.838 660.5 402.5
527.000 614.000 6.519 21 0 8.297 619.406 660.5 403.0
534.000 621.000 7.223 22 0 8.161 631.380 660.0 404.5
545.000 641.000 6.768 24 0 8.025 651.423 662.5 403.0
543.000 648.000 3.102 25 1 7.889 646.809 660.5 406.0
550.000 604.000 5.831 26 0 7.753 606.246 660.0 406.0
551.000 590.000 4.472 27 0 7.616 599.427 658.5 403.5
555.000 576.000 6.403 28 0 7.480 569.585 659.0 409.5
556.000 565.000 6.519 29 0 7.344 561.483 662.5 410.5
557.000 551.000 4.610 30 0 7.208 553.126 658.5 412.5
561.000 525.000 6.736 31 0 7.071 517.133 653.5 408.5
562.000 514.000 6.403 32 0 6.935 507.494 654.5 407.0
565.000 472.000 6.824 35 0 6.799 477.040 648.0 407.0
566.000 461.000 10.404 36 0 6.663 466.376 644.5 410.5
567.000 453.000 19.632 37 0 6.527 455.456 642.0 409.5
568.000 436.000 8.853 38 0 6.390 444.279 637.5 407.0
569.000 428.000 16.378 39 0 6.254 432.846 636.0 407.0
