529.000 615.000 7.433 2 1 9.070 619.363 706.0 375.5
524.000 592.000 8.944 3 0 8.955 536.258 700.5 372.5
525.000 569.000 7.150 4 0 8.839 552.380 702.0 380.5
523.000 531.000 9.192 5 0 8.724 520.386 701.5 374.5
521.000 490.000 8.078 6 0 8.608 489.390 697.0 369.0
516.000 440.000 9.111 7 0 8.493 416.267 695.5 370.0
517.000 417.000 8.277 8 0 8.377 430.392 695.0 369.0
512.000 373.000 7.826 9 0 8.262 362.259 697.5 369.5
510.000 356.000 8.631 10 0 8.146 336.753 698.0 371.5
508.000 327.000 8.201 11 0 8.031 312.245 698.0 368.0
506.000 301.000 7.383 12 0 7.915 288.735 698.5 365.5
504.000 275.000 6.956 13 0 7.800 266.223 689.5 368.0
502.000 267.000 12.500 14 0 7.684 244.709 689.0 368.0
500.000 241.000 8.860 16 0 7.569 224.193 690.0 371.0
498.000 212.000 11.780 17 0 7.453 204.675 691.0 370.5
496.000 192.000 8.846 18 0 7.338 186.155 687.5 369.5
494.000 175.000 9.179 19 0 7.222 168.634 686.0 367.0
495.000 167.000 7.762 20 0 7.107 177.270 683.5 366.0
493.000 159.000 6.368 21 0 6.992 160.248 684.5 365.0
491.000 136.000 6.042 22 0 6.876 144.223 675.0 353.0
489.000 116.000 6.329 23 0 6.761 129.197 672.0 351.5
487.000 111.000 6.403 24 0 6.645 115.169 673.0 354.0
488.000 106.000 6.535 25 0 6.530 122.058 674.0 355.5
486.000 98.000 6.265 26 0 6.414 108.529 675.0 363.0
487.000 96.000 5.618 27 0 6.299 115.169 675.5 357.5
485.000 91.000 5.590 28 0 6.183 102.139 675.0 354.5
480.000 71.000 6.403 29 0 6.068 73.931 672.0 341.5
481.000 70.000 5.590 30 0 5.952 79.074 673.0 341.0
479.000 61.000 5.450 31 0 5.837 69.038 673.0 338.5
480.000 58.000 4.272 32 0 5.721 73.931 673.0 336.0
478.000 58.000 5.050 33 0 5.606 64.395 675.5 349.0
476.000 52.000 5.427 34 0 5.490 55.856 675.5 347.0
474.000 49.000 5.831 35 0 5.375 48.316 673.5 351.0
475.000 46.000 5.852 36 0 5.259 51.961 673.0 350.5
476.000 40.000 6.042 37 0 5.144 55.856 672.5 350.0
474.000 40.000 5.099 38 0 5.028 48.316 673.0 353.5
472.000 37.000 4.155 39 0 4.913 41.774 672.5 354.0
470.000 37.000 4.155 40 0 4.797 36.230 674.0 358.0
468.000 34.000 4.717 41 0 4.682 31.684 673.5 353.5
466.000 34.000 3.606 42 0 4.567 28.136 673.0 357.0
467.000 34.000 3.808 43 0 4.451 29.785 673.5 348.5
465.000 31.000 2.693 44 0 4.336 26.737 676.5 350.5
466.000 31.000 1.581 45 0 4.220 28.136 673.0 346.0
464.000 34.000 4.031 46 0 4.105 25.586 672.0 348.0
465.000 34.000 1.839 47 0 3.989 26.737 673.5 349.5
463.000 34.000 4.950 48 0 3.874 24.686 675.0 352.5
459.000 34.000 2.062 50 0 3.758 23.579 673.5 357.0
457.000 34.000 2.693 51 0 3.643 24.523 673.0 352.0
