<<<<<<< HEAD
448.500 242.500 14.577 168.000 0 12.341 245.672
453.000 243.000 13.602 169.000 0 12.217 244.600
459.824 243.824 13.652 170.000 0 12.094 243.969
464.806 244.113 13.894 171.000 0 11.970 244.267
474.548 246.226 13.426 172.000 0 11.847 246.696
490.500 257.500 13.285 174.000 0 11.723 255.955
492.500 260.500 12.104 175.000 0 11.599 257.578
496.500 264.500 13.210 176.000 0 11.476 261.134
500.000 267.500 11.801 177.000 0 11.352 264.584
506.183 273.365 11.803 178.000 0 11.228 271.449
508.500 276.500 12.748 179.000 0 11.105 274.276
513.647 282.647 12.552 180.000 0 10.981 281.050
517.500 286.000 11.102 181.000 0 10.857 286.567
523.256 295.558 10.797 182.000 0 10.734 295.522
526.500 299.000 10.548 183.000 0 10.610 300.946
529.500 304.500 10.512 184.000 0 10.487 306.202
531.500 309.500 9.618 185.000 0 10.363 309.836
534.615 312.969 9.670 186.000 0 10.239 315.699
537.745 318.191 10.005 187.000 0 10.116 321.843
544.000 334.000 8.602 188.000 0 9.992 334.878
552.500 350.000 9.708 189.000 0 9.868 354.207
552.500 356.000 9.708 190.000 0 9.745 354.207
554.500 362.000 9.341 191.000 0 9.621 359.026
557.000 367.000 8.602 192.000 0 9.498 365.194
560.000 373.000 7.616 193.000 0 9.374 372.808
564.500 385.500 8.515 194.000 0 9.250 384.664
567.000 391.500 7.632 195.000 0 9.127 391.477
568.122 397.905 7.224 196.000 0 9.003 394.585
575.000 410.000 7.810 197.000 0 8.879 414.358
577.643 422.643 7.576 198.000 0 8.756 422.280
583.000 436.000 7.810 199.000 0 8.632 438.889
585.000 443.000 7.810 200.000 0 8.509 445.279
586.000 451.000 8.246 201.000 0 8.385 448.513
592.500 468.000 6.946 203.000 0 8.261 470.161
594.500 476.500 5.701 204.000 0 8.138 477.041
596.978 484.217 6.525 205.000 0 8.014 485.709
600.237 499.237 6.736 206.000 0 7.890 497.347
606.000 519.000 7.071 208.000 0 7.767 518.600
608.622 525.724 6.297 209.000 0 7.643 528.555
612.000 543.500 6.265 210.000 0 7.519 541.636
617.000 556.500 6.265 211.000 0 7.396 561.542
618.500 564.000 5.590 212.000 0 7.272 567.639
621.500 580.500 5.701 213.000 0 7.149 580.007
621.500 575.500 5.148 214.000 1 7.025 566.316
620.500 565.500 3.808 215.000 0 6.901 558.544
619.577 556.654 5.870 216.000 0 6.778 551.501
618.000 549.500 4.925 217.000 0 6.654 539.756
632.500 523.500 13.210 220.000 0 6.530 661.448
611.500 497.500 4.528 222.000 0 6.407 495.184
608.855 474.468 4.612 224.000 0 6.283 478.814
607.500 462.000 6.103 225.000 0 6.160 470.826
603.371 436.790 6.257 229.000 0 6.036 448.136
600.000 428.167 5.919 230.000 0 5.912 431.460
595.000 420.000 4.472 231.000 0 5.789 409.785
593.000 416.500 5.852 232.000 0 5.665 402.139
592.000 411.750 5.836 233.000 0 5.541 398.535
589.378 409.888 5.150 234.000 0 5.418 389.778
587.000 404.000 5.831 235.000 0 5.294 382.709
585.000 400.000 5.000 236.000 0 5.171 377.402
581.500 396.500 5.701 237.000 0 5.047 369.522
598.500 370.000 7.433 238.000 0 4.923 424.574
593.500 370.000 10.548 239.000 0 4.800 403.995
597.000 370.000 5.000 240.000 0 4.676 418.016
589.000 364.444 4.556 241.000 0 4.552 388.601
568.227 381.227 3.921 242.000 0 4.429 355.917
589.000 366.000 6.000 243.000 0 4.305 388.601
589.000 366.500 5.590 244.000 0 4.182 388.601
588.500 367.000 6.021 245.000 0 4.058 387.073
588.000 369.000 6.000 246.000 0 3.934 385.582
=======
421.000 500.636 13.092 241.000 0 10.615 503.668
431.726 514.726 11.017 242.000 0 10.441 513.794
437.274 521.274 11.017 243.000 0 10.268 519.615
442.045 525.955 11.678 244.000 0 10.094 524.938
447.000 531.500 11.885 245.000 0 9.921 530.776
460.000 548.500 9.394 246.000 0 9.747 547.599
474.000 566.500 10.259 247.000 0 9.574 568.154
477.000 573.000 10.000 248.000 0 9.401 572.888
480.085 578.671 9.203 249.000 0 9.227 577.877
484.000 585.500 9.394 250.000 0 9.054 584.384
486.500 590.000 7.826 251.000 0 8.880 588.643
495.500 601.000 7.632 252.000 0 8.707 604.643
500.738 613.738 7.442 253.000 0 8.533 614.436
504.500 619.100 8.238 254.000 0 8.360 621.687
509.500 630.500 8.277 255.000 0 8.186 631.608
514.500 642.500 8.277 256.000 0 8.013 641.851
516.500 647.500 6.964 257.000 0 7.839 646.038
523.000 662.000 8.246 258.000 0 7.666 660.004
525.000 646.000 6.403 259.000 1 7.493 657.129
528.500 615.500 6.519 260.000 0 7.319 616.358
530.527 602.284 5.857 261.000 0 7.146 593.859
532.500 575.000 6.103 262.000 0 6.972 572.744
533.000 562.000 6.403 263.000 0 6.799 567.516
536.394 538.032 5.221 264.000 0 6.625 533.345
537.500 525.500 5.148 265.000 0 6.452 522.700
538.500 503.500 3.536 266.000 0 6.278 513.287
542.500 486.500 6.042 267.000 0 6.105 477.625
544.741 476.948 3.424 268.000 0 5.931 459.032
544.315 467.130 6.108 269.000 0 5.758 462.494
546.636 455.818 6.044 270.000 0 5.585 444.092
547.000 432.000 3.606 271.000 0 5.411 441.307
549.000 426.000 3.606 272.000 0 5.238 426.457
550.000 410.500 4.925 273.000 0 5.064 419.331
551.500 403.500 4.301 274.000 0 4.891 409.014
555.000 398.000 5.831 275.000 0 4.717 386.680
554.500 392.000 5.590 276.000 0 4.544 389.721
556.000 369.500 2.693 277.000 0 4.370 380.746
556.500 364.500 4.301 278.000 0 4.197 377.854
559.914 355.362 5.344 279.000 0 4.024 359.434
563.000 348.000 9.434 280.000 0 3.850 344.775
597.615 312.000 6.691 283.000 0 3.677 310.075
>>>>>>> 55268335c0c390f27b1fe89a999d71caeb3abc37
