365.000 520.000 11.236 2 0 10.493 524.259 706.0 396.5
432.000 543.000 10.595 3 0 10.340 537.687 708.5 389.5
439.000 545.000 10.701 4 0 10.188 542.161 710.0 389.5
449.000 553.000 10.062 5 0 10.035 549.560 707.5 390.5
459.000 557.000 10.794 6 0 9.883 558.146 710.0 390.5
466.000 570.000 10.124 7 0 9.730 564.861 706.5 404.5
470.000 571.000 8.201 8 0 9.578 568.959 706.5 388.5
474.000 575.000 9.192 9 0 9.425 573.247 706.5 386.0
478.000 576.000 9.014 10 0 9.273 577.724 708.0 391.5
488.000 589.000 9.014 11 0 9.120 589.748 706.5 386.5
504.000 608.000 8.090 12 0 8.968 611.453 705.5 380.5
511.000 615.000 9.526 13 0 8.815 621.903 707.5 384.0
512.000 622.000 6.948 14 0 8.663 623.443 709.0 377.5
516.000 623.000 8.035 15 0 8.510 629.723 706.0 379.0
520.000 630.000 8.201 16 0 8.358 636.193 707.5 384.5
521.000 637.000 7.762 17 0 8.205 637.840 706.5 386.5
525.000 641.000 6.891 18 0 8.053 644.546 706.5 386.5
529.000 651.000 7.779 19 0 7.900 651.443 706.0 389.5
533.000 655.000 8.732 20 0 7.748 658.529 709.0 389.5
537.000 665.000 7.106 21 0 7.595 665.805 706.5 394.5
538.000 672.000 6.519 22 0 7.443 667.654 707.0 395.5
542.000 679.000 7.232 23 0 7.290 675.167 706.5 403.0
546.000 683.000 8.821 24 1 7.138 677.589 705.5 401.5
550.000 657.000 8.732 25 0 6.985 649.717 701.0 409.0
548.000 643.000 3.162 26 0 6.833 663.484 704.0 406.0
552.000 632.000 6.801 27 0 6.680 636.286 704.0 396.5
556.000 609.000 6.802 28 0 6.528 610.434 702.5 399.0
560.000 586.000 6.265 29 0 6.375 585.929 696.0 398.5
564.000 566.000 6.946 30 0 6.223 562.770 696.0 398.5
568.000 546.000 7.106 31 0 6.070 540.959 697.0 401.5
572.000 529.000 7.447 32 0 5.918 520.494 693.5 400.5
576.000 512.000 7.433 33 0 5.765 501.376 695.0 407.5
574.000 504.000 6.031 34 0 5.613 510.767 694.0 409.0
578.000 490.000 5.590 35 0 5.460 492.322 694.5 406.0
583.000 456.000 5.000 37 0 5.308 471.160 695.5 403.5
587.000 451.000 6.810 38 0 5.155 455.746 696.0 402.0
591.000 446.000 7.211 39 0 5.003 441.678 698.0 398.5
