448.500 242.500 14.230 167.000 0 12.181 246.187
452.402 243.255 13.471 168.000 0 12.070 245.180
459.824 243.824 13.652 169.000 0 11.958 244.353
464.000 244.500 13.866 170.000 0 11.846 244.515
474.548 246.226 13.426 171.000 0 11.734 246.938
483.500 252.000 12.816 172.000 0 11.622 251.256
490.000 257.500 13.125 173.000 0 11.510 255.693
491.000 261.500 11.801 174.000 0 11.398 256.473
496.500 264.500 13.210 175.000 0 11.287 261.226
500.500 267.000 11.715 176.000 0 11.175 265.174
506.183 273.365 11.803 177.000 0 11.063 271.497
509.000 276.500 12.540 178.000 0 10.951 274.943
513.833 282.833 12.304 179.000 0 10.839 281.332
517.500 286.000 11.102 180.000 0 10.727 286.583
523.000 295.500 10.689 181.000 0 10.615 295.113
526.500 299.000 10.548 182.000 0 10.504 300.950
529.500 304.500 10.512 183.000 0 10.392 306.205
530.500 310.000 9.179 184.000 0 10.280 308.009
534.615 312.969 9.670 185.000 0 10.168 315.703
537.745 318.191 10.005 186.000 0 10.056 321.850
544.000 334.000 8.602 187.000 0 9.944 334.895
552.500 350.000 9.708 188.000 0 9.832 354.247
552.500 356.000 9.708 189.000 0 9.721 354.247
555.085 361.671 9.203 190.000 0 9.609 360.504
556.000 367.500 8.500 191.000 0 9.497 362.759
560.288 373.076 7.437 192.000 0 9.385 373.621
565.283 384.283 8.208 193.000 0 9.273 386.874
567.500 391.000 7.500 194.000 0 9.161 392.965
568.122 397.905 7.224 195.000 0 9.049 394.695
575.000 410.000 7.810 196.000 0 8.938 414.511
577.500 422.500 7.383 197.000 0 8.826 422.017
583.000 436.000 7.810 198.000 0 8.714 439.100
585.000 443.000 7.810 199.000 0 8.602 445.507
586.000 450.500 7.762 200.000 0 8.490 448.749
587.518 456.321 7.234 201.000 0 8.378 453.720
592.500 468.000 6.946 202.000 0 8.266 470.455
594.000 477.000 5.385 203.000 0 8.155 475.619
597.029 484.029 6.362 204.000 0 8.043 486.228
600.000 499.500 6.727 205.000 0 7.931 496.861
602.000 505.500 6.265 206.000 0 7.819 504.149
606.000 519.000 7.071 207.000 0 7.707 519.035
609.000 525.500 6.265 208.000 0 7.595 530.472
612.000 543.500 6.265 209.000 0 7.483 542.143
616.500 557.000 6.103 210.000 0 7.372 560.086
618.500 564.000 5.590 211.000 0 7.260 568.229
621.300 580.300 5.420 212.000 0 7.148 579.803
621.500 575.500 5.148 213.000 1 7.036 551.456
620.000 566.000 3.606 214.000 0 6.924 545.426
619.577 556.654 5.870 215.000 0 6.812 543.706
617.968 549.670 4.783 216.000 0 6.700 537.086
643.956 523.920 14.230 217.000 0 6.589 628.870
634.000 522.500 10.920 219.000 0 6.477 597.522
635.500 520.000 8.382 220.000 0 6.365 602.548
611.500 497.500 4.528 221.000 0 6.253 509.225
609.500 481.000 4.272 222.000 0 6.141 500.205
608.855 474.468 4.612 223.000 0 6.029 497.255
608.000 462.000 5.831 224.000 0 5.917 493.315
603.371 436.790 6.257 228.000 0 5.806 471.373
600.000 428.167 5.919 229.000 0 5.694 454.750
594.741 419.810 3.926 230.000 0 5.582 427.733
593.500 416.500 5.701 231.000 0 5.470 421.163
592.000 411.750 5.836 232.000 0 5.358 413.125
590.000 409.500 4.925 233.000 0 5.246 402.241
586.500 404.000 5.590 234.000 0 5.134 382.734
606.500 402.500 6.364 235.000 0 5.023 486.317
581.500 396.500 5.701 236.000 0 4.911 353.850
598.500 369.500 6.964 237.000 0 4.799 447.178
596.500 369.500 8.860 238.000 0 4.687 436.915
589.000 363.444 4.556 239.000 0 4.575 396.727
589.000 364.000 4.123 240.000 0 4.463 396.727
568.000 381.000 3.606 241.000 0 4.351 269.896
589.000 366.455 5.546 242.000 0 4.240 396.727
589.000 366.500 5.590 243.000 0 4.128 396.727
589.000 367.500 5.590 244.000 0 4.016 396.727
588.000 369.000 6.000 245.000 0 3.904 391.166
