522.000 219.000 12.500 97 0 12.331 239.516
529.000 223.000 12.971 98 0 12.178 236.055
536.000 230.000 11.358 99 0 12.025 235.172
543.000 237.000 11.715 100 0 11.872 236.867
547.000 241.000 12.816 101 0 11.720 238.993
551.000 248.000 11.769 102 0 11.567 241.961
555.000 252.000 11.347 103 0 11.414 245.770
559.000 262.000 12.021 104 0 11.261 250.421
563.000 266.000 10.487 105 0 11.108 255.914
567.000 273.000 11.402 106 0 10.956 262.249
571.000 280.000 11.011 107 0 10.803 269.425
575.000 287.000 10.548 108 0 10.650 277.443
582.000 306.000 9.925 109 0 10.497 293.501
586.000 316.000 9.618 110 0 10.345 303.833
590.000 320.000 8.950 111 0 10.192 315.008
591.000 327.000 9.659 112 0 10.039 317.933
598.000 343.000 9.605 113 0 9.886 339.883
599.000 350.000 9.618 114 0 9.733 343.229
603.000 357.000 9.862 115 0 9.581 357.139
607.000 364.000 9.179 116 0 9.428 371.892
608.000 371.000 9.394 117 0 9.275 375.711
612.000 384.000 8.201 118 0 9.122 391.516
616.000 400.000 9.014 119 0 8.969 408.162
617.000 407.000 8.732 120 0 8.817 412.455
621.000 423.000 7.810 121 0 8.664 430.153
625.000 433.000 8.747 122 0 8.511 448.693
626.000 440.000 9.014 123 0 8.358 453.460
627.000 447.000 7.212 124 0 8.205 458.279
628.000 454.000 7.906 125 0 8.053 463.151
629.000 464.000 7.106 126 0 7.900 468.075
636.000 486.000 7.073 127 0 7.747 504.019
637.000 496.000 7.433 128 0 7.594 509.364
638.000 506.000 10.308 129 0 7.441 514.762
642.000 516.000 10.977 130 0 7.289 536.879
640.000 523.000 8.140 131 0 7.136 525.715
644.000 533.000 7.442 132 0 6.983 548.253
645.000 549.000 6.535 133 0 6.830 554.020
646.000 559.000 5.992 134 0 6.678 559.838
647.000 569.000 6.114 135 0 6.525 565.710
648.000 576.000 6.801 136 0 6.372 571.634
652.000 595.000 6.103 137 0 6.219 595.855
653.000 605.000 5.175 138 0 6.066 602.042
654.000 612.000 6.042 139 0 5.914 608.282
655.000 613.000 6.103 140 1 5.761 613.160
662.000 599.000 5.701 141 0 5.608 598.412
666.000 594.000 4.149 142 0 5.455 590.086
686.000 551.000 6.031 144 0 5.302 549.567
690.000 543.000 5.701 145 0 5.150 541.685
694.000 535.000 6.021 146 0 4.997 533.877
698.000 524.000 6.042 147 0 4.844 526.143
714.000 492.000 1.581 150 0 4.691 495.946
721.000 484.000 3.536 151 0 4.538 483.107
759.000 417.000 5.408 159 0 4.386 417.363
763.000 415.000 5.701 160 0 4.233 410.831
764.000 407.000 5.000 161 0 4.080 409.210
768.000 402.000 5.877 162 0 3.927 402.770
