409.000 250.000 16.567 162 0 14.602 262.247 692.5 392.0
419.000 251.000 15.890 163 0 14.439 252.549 692.5 395.5
432.000 240.000 15.232 164 0 14.277 243.518 692.5 389.5
442.000 241.000 14.807 165 0 14.114 239.324 690.0 388.5
449.000 242.000 14.706 166 0 13.951 237.812 690.5 386.5
453.000 243.000 14.230 167 0 13.788 237.474 689.0 392.0
454.000 241.000 13.471 168 0 13.626 237.450 686.0 388.0
461.000 242.000 13.652 169 0 13.463 237.948 694.5 396.0
465.000 240.000 13.866 170 0 13.300 238.759 692.0 398.5
475.000 244.000 13.426 171 0 13.137 242.462 694.0 398.5
482.000 251.000 12.816 172 0 12.975 246.478 694.0 401.5
492.000 255.000 13.125 173 0 12.812 254.249 692.0 407.5
493.000 262.000 11.801 174 0 12.649 255.158 691.5 409.0
497.000 263.000 13.210 175 0 12.486 259.032 690.0 415.5
501.000 267.000 11.715 176 0 12.324 263.289 696.0 404.0
508.000 274.000 11.803 177 0 12.161 271.661 696.5 399.5
512.000 275.000 12.540 178 0 11.998 276.971 696.0 405.5
516.000 282.000 12.304 179 0 11.835 282.664 693.5 412.5
520.000 286.000 11.102 180 0 11.672 288.740 695.5 408.0
524.000 293.000 10.689 181 0 11.510 295.199 691.5 408.0
528.000 300.000 10.548 182 0 11.347 302.040 692.0 407.5
529.000 304.000 10.512 183 0 11.184 303.811 691.5 407.0
533.000 308.000 9.179 184 0 11.021 311.131 690.0 402.5
537.000 312.000 9.670 185 0 10.859 318.834 690.0 391.5
538.000 319.000 10.005 186 0 10.696 320.820 689.0 392.0
545.000 335.000 8.602 187 0 10.533 335.389 810.5 234.0
552.000 351.000 9.708 188 0 10.370 351.132 687.5 387.0
556.000 358.000 9.708 189 0 10.208 360.654 687.5 399.0
557.000 362.000 9.203 190 0 10.045 363.094 687.0 400.0
558.000 366.000 8.500 191 0 9.882 365.558 686.0 392.0
562.000 376.000 7.437 192 0 9.719 375.655 688.5 398.5
566.000 383.000 8.208 193 0 9.557 386.134 686.0 403.5
567.000 393.000 7.500 194 0 9.394 388.814 688.0 406.0
571.000 397.000 7.224 195 0 9.231 399.771 688.0 402.0
575.000 410.000 7.810 196 0 9.068 411.112 688.0 401.5
579.000 423.000 7.383 197 0 8.906 422.836 686.5 396.0
583.000 433.000 7.810 198 0 8.743 434.943 688.0 396.5
587.000 443.000 7.810 199 0 8.580 447.432 689.0 395.5
588.000 450.000 7.762 200 0 8.417 450.614 689.0 393.5
589.000 457.000 7.234 201 0 8.255 453.820 688.0 396.0
596.000 470.000 6.946 202 0 8.092 476.933 687.5 390.0
597.000 480.000 5.385 203 0 7.929 480.331 688.5 394.0
601.000 484.000 6.362 204 0 7.766 494.161 688.5 392.5
602.000 497.000 6.727 205 0 7.604 497.678 688.0 396.0
603.000 504.000 6.265 206 0 7.441 501.219 686.5 396.0
610.000 520.000 7.071 207 0 7.278 526.677 686.0 393.0
611.000 530.000 6.265 208 0 7.115 530.410 686.0 388.0
615.000 543.000 6.265 209 0 6.953 545.580 681.5 391.5
616.000 556.000 6.103 210 0 6.790 549.432 681.0 398.0
620.000 566.000 5.590 211 0 6.627 565.080 685.5 392.5
624.000 579.000 5.420 212 1 6.464 577.163 684.0 391.5
625.000 574.000 5.148 213 0 6.302 585.683 685.0 394.5
623.000 566.000 3.606 214 0 6.139 568.826 687.0 395.5
621.000 558.000 5.870 215 0 5.976 552.706 687.5 398.5
622.000 550.000 4.717 216 0 5.813 560.674 687.0 398.5
615.000 516.000 12.649 218 0 5.651 508.769 676.5 400.5
616.000 511.000 12.530 219 0 5.488 515.631 677.0 403.5
614.000 503.000 6.801 220 0 5.325 502.091 674.5 403.0
615.000 495.000 4.528 221 0 5.162 508.769 677.0 398.0
613.000 481.000 4.272 222 0 5.000 495.598 665.0 415.0
611.000 476.000 4.612 223 0 4.837 483.164 674.0 394.0
609.000 468.000 5.831 224 0 4.674 471.467 668.0 403.5
604.000 442.000 7.211 227 0 4.511 445.450 671.5 394.0
605.000 437.000 6.257 228 0 4.349 450.285 670.0 396.5
603.000 429.000 5.919 229 0 4.186 440.800 669.0 395.0
595.000 421.000 3.926 230 0 4.023 410.231 664.0 394.0
596.000 416.000 5.701 231 0 3.860 413.407 663.5 391.5
594.000 414.000 5.836 232 0 3.698 407.239 661.0 392.0
592.000 409.000 4.925 233 0 3.535 401.809 662.0 393.0
587.000 404.000 5.590 234 0 3.372 391.457 660.0 394.0
588.000 399.000 6.364 235 0 3.209 393.159 660.0 394.0
583.000 397.000 5.701 236 0 3.047 386.494 657.0 395.0
578.000 386.000 7.616 237 0 2.884 384.436 659.0 392.0
576.000 384.000 9.014 238 0 2.721 384.903 655.0 395.0
574.000 382.000 5.025 239 0 2.558 386.108 657.0 394.5
572.000 383.000 4.528 240 0 2.395 388.049 654.5 394.5
570.000 381.000 3.606 241 0 2.233 390.728 655.5 393.5
