335.000 162.413 11.587 281 0 20.814 681.661
348.000 179.000 21.932 282 0 20.549 330.876
340.500 193.015 25.159 283 0 20.284 460.377
338.500 198.500 25.739 284 0 20.018 528.477
339.755 200.500 26.393 285 0 19.753 484.082
345.606 204.500 26.419 286 0 19.488 350.613
341.500 207.500 28.293 287 0 19.223 431.627
339.500 215.000 32.191 288 0 18.958 492.661
342.309 222.000 27.453 289 0 18.693 410.966
341.500 226.500 25.739 290 0 18.428 431.627
343.057 230.041 25.044 291 0 18.163 393.889
343.500 238.227 24.899 292 0 17.897 384.727
342.691 259.883 10.550 293 0 17.632 401.985
343.500 266.500 10.701 294 0 17.367 384.727
343.500 281.000 10.548 295 0 17.102 384.727
344.000 290.500 11.236 296 0 16.837 375.210
344.000 311.500 10.404 297 0 16.572 375.210
343.042 321.042 8.544 298 0 16.307 394.226
343.000 328.500 8.902 299 0 16.041 395.127
340.758 336.790 10.313 300 0 15.776 452.620
344.563 344.176 9.527 301 0 15.511 365.545
344.000 353.000 8.602 302 0 15.246 375.210
344.000 362.194 9.672 303 0 14.981 375.210
345.140 369.140 9.664 304 0 14.716 356.815
342.500 387.000 9.179 305 0 14.451 406.410
344.500 395.500 9.618 306 0 14.185 366.577
342.000 413.000 9.434 307 0 13.920 418.577
344.500 421.438 8.800 308 0 13.655 366.577
343.500 432.000 8.732 309 0 13.390 384.727
344.500 439.500 9.192 310 0 13.125 366.577
355.560 465.000 12.600 311 0 12.860 401.477
342.500 467.500 8.747 312 0 12.595 406.410
354.000 465.500 13.086 313 0 12.329 370.373
342.000 506.000 7.810 314 0 12.064 418.577
342.955 513.045 7.224 315 0 11.799 396.116
341.500 534.000 8.382 316 0 11.534 431.627
342.500 543.500 7.906 317 0 11.269 406.410
342.000 550.500 7.500 318 0 11.004 418.577
340.000 562.500 6.801 319 0 10.739 476.077
340.500 571.346 6.821 320 0 10.473 460.377
340.000 582.500 6.801 321 0 10.208 476.077
339.500 590.200 6.685 322 0 9.943 492.661
341.500 588.000 6.103 323 1 9.678 588.356
344.000 577.000 6.708 324 0 9.413 577.463
349.500 557.500 7.106 325 0 9.148 554.401
351.000 550.000 7.810 326 0 8.883 548.328
354.500 533.500 7.906 327 0 8.618 534.515
358.640 524.919 6.948 328 0 8.352 518.829
363.500 507.000 6.946 329 0 8.087 501.309
364.643 500.357 6.566 330 0 7.822 497.330
368.500 493.500 7.106 331 0 7.557 484.299
371.500 466.500 23.548 332 0 7.292 474.587
372.500 465.500 23.633 333 0 7.027 471.431
363.500 471.000 15.692 334 0 6.762 501.309
380.500 464.500 23.633 335 0 6.496 447.668
381.500 464.500 23.633 336 0 6.231 444.883
388.000 430.500 6.801 337 0 5.966 427.779
390.000 426.000 8.246 338 0 5.701 422.866
392.786 419.929 9.105 339 0 5.436 416.296
393.283 416.283 8.208 340 0 5.171 415.158
396.500 410.400 7.849 341 0 4.906 408.033
398.577 408.148 8.500 342 0 4.640 403.658
399.738 403.738 7.442 343 0 4.375 401.291
401.500 398.500 7.106 344 0 4.110 397.804
405.000 391.000 7.071 345 0 3.845 391.255
407.167 386.500 6.604 346 0 3.580 387.453
408.289 384.289 6.810 347 0 3.315 385.559
411.221 379.116 6.507 348 0 3.050 380.858
413.500 378.000 6.946 349 0 2.784 377.447
415.000 374.000 6.708 350 0 2.519 375.318
416.500 372.000 6.946 351 0 2.254 373.282
417.562 368.828 5.855 352 0 1.989 371.896
422.000 365.500 6.801 353 0 1.724 366.608
469.500 362.500 12.021 354 0 1.459 360.696
469.541 361.894 11.771 355 0 1.194 360.731
427.600 358.400 6.551 356 0 0.928 361.090
424.000 338.500 7.159 357 0 0.663 364.489
466.742 362.742 11.678 358 0 0.398 358.504
466.742 362.742 11.678 359 0 0.133 358.504
434.668 352.517 7.227 360 0 -0.132 355.964
