419.000 326.000 13.602 191 0 11.947 328.911 658.5 406.0
423.000 324.000 12.104 192 0 11.816 328.246 655.0 408.5
430.000 325.000 13.314 193 0 11.686 328.291 654.0 405.0
434.000 332.000 11.402 194 0 11.555 329.007 655.5 403.5
444.000 333.000 12.799 195 0 11.425 332.994 652.0 406.0
445.000 337.000 10.259 196 0 11.294 333.565 656.0 402.0
452.000 338.000 11.511 197 0 11.163 338.443 649.0 399.0
453.000 339.000 10.548 198 0 11.033 339.265 649.5 393.5
454.000 340.000 11.011 199 0 10.902 340.119 649.0 407.0
458.000 344.000 10.969 200 0 10.771 343.848 647.0 398.0
459.000 348.000 10.308 201 0 10.641 344.858 653.0 408.0
466.000 358.000 10.630 202 0 10.510 352.811 652.0 422.0
473.000 365.000 8.201 203 0 10.380 362.302 654.5 421.0
477.000 366.000 11.011 204 0 10.249 368.416 654.0 424.0
481.000 373.000 10.314 205 0 10.118 375.031 651.5 406.0
485.000 389.000 8.322 206 0 9.988 382.149 649.5 426.5
492.000 396.000 9.865 207 0 9.857 395.814 647.5 405.0
496.000 403.000 9.016 208 0 9.727 404.312 650.5 423.5
497.000 410.000 7.778 209 0 9.596 406.515 650.5 402.0
501.000 414.000 9.434 210 0 9.465 415.641 652.0 401.5
505.000 424.000 9.708 211 0 9.335 425.270 649.5 399.5
509.000 434.000 9.618 212 0 9.204 435.400 650.5 396.5
510.000 441.000 9.434 213 0 9.074 438.011 652.0 396.5
517.000 454.000 7.576 214 0 8.943 457.167 652.0 398.5
518.000 461.000 6.946 215 0 8.812 460.029 650.0 401.0
522.000 468.000 8.090 216 0 8.682 471.792 652.0 403.0
523.000 481.000 6.403 217 0 8.551 474.811 651.5 402.0
536.000 515.000 8.500 218 0 8.420 516.913 650.5 400.0
540.000 528.000 8.860 219 0 8.290 530.935 652.0 399.0
545.000 542.000 8.382 221 0 8.159 549.168 650.5 395.0
546.000 549.000 7.211 222 0 8.029 552.909 647.0 394.5
547.000 556.000 7.142 223 0 7.898 556.681 646.5 394.5
551.000 566.000 7.211 224 0 7.767 572.084 646.5 392.5
552.000 573.000 7.616 225 0 7.637 576.013 644.5 393.5
553.000 586.000 6.810 226 0 7.506 579.973 648.5 392.0
557.000 596.000 6.519 227 0 7.376 596.129 650.0 392.0
561.000 612.000 7.616 228 0 7.245 612.786 649.0 389.5
562.000 619.000 7.433 229 0 7.114 617.029 650.0 391.0
566.000 626.000 6.801 230 0 6.984 634.314 650.0 391.0
567.000 633.000 6.801 231 0 6.853 638.714 652.0 388.5
568.000 643.000 6.964 232 0 6.722 643.145 649.0 389.0
573.000 666.000 6.570 234 1 6.592 667.059 652.5 391.0
569.000 632.000 6.042 236 0 6.461 632.487 652.5 392.5
567.000 621.000 3.536 237 0 6.331 615.889 652.5 390.0
557.000 551.000 6.083 242 0 6.200 539.778 662.0 384.5
556.000 523.000 5.590 244 0 6.069 532.798 667.5 381.0
554.000 515.000 5.986 245 0 5.939 519.181 662.5 384.0
550.000 493.000 5.870 247 0 5.808 493.322 654.5 382.5
548.000 485.000 6.671 248 0 5.678 481.081 651.5 383.5
545.000 458.000 6.801 251 0 5.547 463.579 647.5 377.5
537.000 426.000 5.831 255 0 5.416 421.951 650.5 381.5
533.000 407.000 4.809 257 0 5.286 403.888 654.5 383.0
534.000 405.000 6.403 258 0 5.155 408.232 650.0 384.5
532.000 397.000 6.108 259 0 5.025 399.659 656.5 379.5
527.000 383.000 5.408 260 0 4.894 380.234 653.0 393.0
528.000 381.000 6.108 261 0 4.763 383.890 645.5 393.5
526.000 379.000 6.103 262 0 4.633 376.693 654.5 390.5
525.000 372.000 6.103 264 0 4.502 373.266 661.0 383.5
526.000 373.000 6.736 265 0 4.371 376.693 653.5 383.5
524.000 368.000 6.372 266 0 4.241 369.954 655.0 383.5
522.000 366.000 6.239 267 0 4.110 363.675 649.0 381.5
523.000 364.000 7.340 268 0 3.980 366.757 651.0 379.5
