-300.0 65.0088111435 -11.095890411
-285.760610911 61.9422251354 -5.34246575342
-271.521221822 60.0119706486 -2.05479452055
-257.281832733 58.4635115853 0.435865219178
-243.042443644 56.8739712476 2.87671232877
-228.803054556 51.4458757841 10.5057954137
-214.563665467 45.4817324345 17.9452054795
-200.324276378 44.0745018802 19.5890410959
-186.084887289 42.5934855809 21.2796522164
-171.8454982 40.6651621649 23.4246575342
-157.606109111 39.4048580996 24.7945205479
-143.366720022 34.6817565839 29.7260273973
-129.127330933 31.7515210113 32.6425097742
-114.887941845 29.6675138635 34.6575342466
-100.648552756 26.7560217081 37.397260274
-86.4091636668 23.4495938892 40.4109589041
-72.169774578 22.5289705844 41.2328767123
-57.9303854891 15.5852172366 44.7945205479
-43.6909964002 21.8169685116 45.8904109589
-29.4516073113 32.431842816 47.8082191781
-15.2122182225 38.3313764604 48.904109589
-0.972829133581 44.1101036936 50.0
13.2665599553 45.5359095002 50.2739726027
27.5059490442 55.9400163216 52.318982686
41.7453381331 58.028393728 52.7397260274
55.9847272219 63.3842985223 53.8356164384
70.2241163108 72.9891653503 55.8662372745
84.4635053997 73.7336888775 56.0273972603
98.7028944886 75.7826565922 56.4738715184
112.942283577 81.5105629817 57.7459528674
127.181672666 82.9425092674 58.0697381008
141.421061755 87.1750837433 59.0410958904
155.660450844 90.6823602921 59.8630136986
169.899839933 92.9827926544 60.4109589041
184.139229022 100.796468301 62.3287671233
198.378618111 100.796468301 62.3287671233
212.6180072 104.031930425 63.1506849315
226.857396288 102.960993451 62.8767123288
241.096785377 111.136328625 65.0197036953
